45	48
89	98
7	96
63	33
14	13
73	81
91	84
91	36
4	2
40	65
8	73
87	9
46	38
28	14
49	61
90	39
73	90
8	29
37	3
63	14
56	72
86	16
94	45
23	33
48	21
100	13
96	23
1	94
44	80
12	77
18	77
54	31
62	4
77	99
41	87
15	88
21	24
87	48
86	72
12	55
86	29
23	56
91	21
1	92
11	8
43	5
51	83
89	68
2	76
27	64
9	58
63	18
72	14
10	5
78	20
84	69
95	2
79	60
66	41
4	26
68	46
40	98
33	63
79	87
16	66
90	60
12	12
38	100
24	49
84	51
47	41
97	63
15	8
17	68
54	83
22	92
38	33
59	49
16	63
63	64
40	77
79	14
68	25
11	72
61	91
9	60
54	5
37	57
95	50
19	97
53	5
21	99
53	51
16	11
40	57
21	51
93	93
76	78
97	64
80	46
89	25
44	77
73	69
50	30
99	34
92	26
30	9
40	13
70	92
51	13
82	39
24	9
49	87
47	60
44	89
27	88
8	32
65	47
68	6
35	78
84	23
86	95
59	61
60	71
21	32
96	15
26	34
92	42
91	13
79	99
27	6
93	54
76	6
30	89
22	33
38	26
71	73
46	53
92	78
57	72
13	58
98	57
85	7
33	1
43	26
3	62
18	44
66	56
68	4
45	59